Fréquence (Hz)	Niveau (dB)
11,718750	-72,197281
23,437500	-59,397270
35,156250	-52,509506
46,875000	-51,151524
58,593750	-44,608650
70,312500	-43,673885
82,031250	-46,153500
93,750000	-46,622086
105,468750	-44,247009
117,187500	-38,863388
128,906250	-41,342476
140,625000	-43,106743
152,343750	-45,908226
164,062500	-40,502327
175,781250	-29,860945
187,500000	-33,061378
199,218750	-47,743042
210,937500	-41,549740
222,656250	-43,479187
234,375000	-44,883366
246,093750	-37,230782
257,812500	-38,971317
269,531250	-50,271473
281,250000	-44,731449
292,968750	-43,805092
304,687500	-46,958584
316,406250	-48,662827
328,125000	-48,731007
339,843750	-48,633507
351,562500	-47,509663
363,281250	-47,389874
375,000000	-46,262917
386,718750	-51,005615
398,437500	-51,930298
410,156250	-52,411415
421,875000	-49,636787
433,593750	-48,351608
445,312500	-48,628757
457,031250	-48,152634
468,750000	-48,491356
480,468750	-50,734173
492,187500	-45,574425
503,906250	-48,551056
515,625000	-53,787231
527,343750	-52,508049
539,062500	-50,477833
550,781250	-51,760017
562,500000	-51,974346
574,218750	-50,174900
585,937500	-52,756264
597,656250	-55,025551
609,375000	-57,329617
621,093750	-60,689045
632,812500	-59,473026
644,531250	-56,045589
656,250000	-56,650299
667,968750	-57,550407
679,687500	-55,795048
691,406250	-56,610016
703,125000	-56,511230
714,843750	-54,300404
726,562500	-54,842182
738,281250	-56,185429
750,000000	-55,861778
761,718750	-54,867386
773,437500	-52,474735
785,156250	-54,183243
796,875000	-57,283627
808,593750	-57,182415
820,312500	-56,521992
832,031250	-56,848820
843,750000	-56,944870
855,468750	-57,526760
867,187500	-57,630165
878,906250	-57,577335
890,625000	-57,666988
902,343750	-57,793892
914,062500	-57,312298
925,781250	-56,142540
937,500000	-56,999733
949,218750	-58,091717
960,937500	-57,096146
972,656250	-57,227150
984,375000	-57,447720
996,093750	-59,029953
1007,812500	-59,822247
1019,531250	-59,452213
1031,250000	-58,578907
1042,968750	-56,802742
1054,687500	-57,062428
1066,406250	-58,641716
1078,125000	-59,638035
1089,843750	-59,873085
1101,562500	-59,441689
1113,281250	-58,363506
1125,000000	-57,572918
1136,718750	-57,459942
1148,437500	-57,761169
1160,156250	-58,421204
1171,875000	-60,485046
1183,593750	-61,002216
1195,312500	-59,401711
1207,031250	-57,723232
1218,750000	-57,027275
1230,468750	-58,052494
1242,187500	-59,227226
1253,906250	-59,082378
1265,625000	-60,128712
1277,343750	-60,527332
1289,062500	-61,271889
1300,781250	-62,726139
1312,500000	-62,173195
1324,218750	-60,854591
1335,937500	-60,365105
1347,656250	-59,848476
1359,375000	-60,192013
1371,093750	-60,900448
1382,812500	-61,850506
1394,531250	-63,600166
1406,250000	-65,116951
1417,968750	-65,210770
1429,687500	-64,049103
1441,406250	-62,850906
1453,125000	-61,843159
1464,843750	-62,209095
1476,562500	-63,020657
1488,281250	-63,029289
1500,000000	-62,645653
1511,718750	-62,818417
1523,437500	-63,683224
1535,156250	-64,139992
1546,875000	-64,474968
1558,593750	-64,107033
1570,312500	-64,653397
1582,031250	-65,204010
1593,750000	-65,332176
1605,468750	-66,181190
1617,187500	-66,551987
1628,906250	-65,597008
1640,625000	-65,110252
1652,343750	-64,868706
1664,062500	-65,297005
1675,781250	-65,343597
1687,500000	-64,611481
1699,218750	-65,153221
1710,937500	-65,486725
1722,656250	-66,400085
1734,375000	-66,266647
1746,093750	-65,392815
1757,812500	-65,696426
1769,531250	-65,220245
1781,250000	-65,738335
1792,968750	-66,371811
1804,687500	-66,774506
1816,406250	-66,667946
1828,125000	-66,877182
1839,843750	-66,798851
1851,562500	-68,037956
1863,281250	-68,200829
1875,000000	-67,348389
1886,718750	-66,985397
1898,437500	-66,680244
1910,156250	-66,465805
1921,875000	-66,028328
1933,593750	-65,694855
1945,312500	-66,012756
1957,031250	-65,535217
1968,750000	-65,682137
1980,468750	-66,247299
1992,187500	-67,117653
2003,906250	-68,171066
2015,625000	-68,161400
2027,343750	-68,134796
2039,062500	-68,108719
2050,781250	-67,652885
2062,500000	-67,645538
2074,218750	-67,248032
2085,937500	-67,007668
2097,656250	-67,347054
2109,375000	-68,230049
2121,093750	-68,623360
2132,812500	-69,285500
2144,531250	-70,282242
2156,250000	-69,681801
2167,968750	-69,694099
2179,687500	-69,930344
2191,406250	-70,077629
2203,125000	-70,541718
2214,843750	-70,877701
2226,562500	-70,744225
2238,281250	-70,471657
2250,000000	-69,988770
2261,718750	-69,985413
2273,437500	-70,121208
2285,156250	-69,962486
2296,875000	-69,928429
2308,593750	-69,573402
2320,312500	-69,144699
2332,031250	-69,350052
2343,750000	-69,144928
2355,468750	-69,216019
2367,187500	-69,328842
2378,906250	-69,839272
2390,625000	-70,463554
2402,343750	-70,716499
2414,062500	-70,244553
2425,781250	-69,825920
2437,500000	-70,856873
2449,218750	-70,866028
2460,937500	-70,579643
2472,656250	-70,533447
2484,375000	-69,796776
2496,093750	-69,601463
2507,812500	-69,690834
2519,531250	-69,676727
2531,250000	-70,330238
2542,968750	-71,550201
2554,687500	-72,747086
2566,406250	-71,988983
2578,125000	-71,636292
2589,843750	-71,941742
2601,562500	-72,178474
2613,281250	-71,510284
2625,000000	-71,871201
2636,718750	-72,466194
2648,437500	-73,260468
2660,156250	-73,344887
2671,875000	-73,521141
2683,593750	-73,727623
2695,312500	-73,292610
2707,031250	-72,535713
2718,750000	-72,365021
2730,468750	-71,992386
2742,187500	-71,951477
2753,906250	-71,639412
2765,625000	-71,591385
2777,343750	-71,639122
2789,062500	-71,538040
2800,781250	-71,533798
2812,500000	-71,863586
2824,218750	-71,877777
2835,937500	-71,762985
2847,656250	-72,064629
2859,375000	-71,521164
2871,093750	-71,030663
2882,812500	-71,294807
2894,531250	-72,223022
2906,250000	-72,834457
2917,968750	-72,322365
2929,687500	-71,633965
2941,406250	-72,391716
2953,125000	-72,787247
2964,843750	-72,473526
2976,562500	-72,278603
2988,281250	-72,437149
3000,000000	-72,575836
3011,718750	-72,452797
3023,437500	-72,099716
3035,156250	-71,947731
3046,875000	-72,110657
3058,593750	-72,371986
3070,312500	-71,838409
3082,031250	-71,461586
3093,750000	-71,380638
3105,468750	-71,669746
3117,187500	-72,606361
3128,906250	-72,526825
3140,625000	-71,646393
3152,343750	-71,498665
3164,062500	-71,798470
3175,781250	-72,508743
3187,500000	-72,872391
3199,218750	-72,499763
3210,937500	-72,444206
3222,656250	-72,797997
3234,375000	-73,242630
3246,093750	-72,611450
3257,812500	-72,580513
3269,531250	-72,302071
3281,250000	-72,115585
3292,968750	-72,672035
3304,687500	-73,199066
3316,406250	-73,233376
3328,125000	-73,008896
3339,843750	-72,727707
3351,562500	-73,180260
3363,281250	-73,405769
3375,000000	-73,265457
3386,718750	-73,876999
3398,437500	-73,616524
3410,156250	-73,379639
3421,875000	-74,055130
3433,593750	-73,944115
3445,312500	-74,015282
3457,031250	-73,920494
3468,750000	-74,432991
3480,468750	-74,746475
3492,187500	-73,946953
3503,906250	-73,410942
3515,625000	-72,945534
3527,343750	-73,063751
3539,062500	-73,232445
3550,781250	-73,138680
3562,500000	-72,970970
3574,218750	-72,535522
3585,937500	-72,620468
3597,656250	-73,313499
3609,375000	-73,550529
3621,093750	-72,898582
3632,812500	-73,050629
3644,531250	-74,026291
3656,250000	-74,095642
3667,968750	-73,942619
3679,687500	-74,034409
3691,406250	-74,242676
3703,125000	-74,312340
3714,843750	-74,240051
3726,562500	-74,501961
3738,281250	-74,617691
3750,000000	-74,768730
3761,718750	-74,516968
3773,437500	-74,895348
3785,156250	-75,143211
3796,875000	-75,029785
3808,593750	-75,329849
3820,312500	-75,697594
3832,031250	-75,647995
3843,750000	-75,346481
3855,468750	-75,169075
3867,187500	-74,922470
3878,906250	-74,608917
3890,625000	-74,894310
3902,343750	-75,155067
3914,062500	-75,277542
3925,781250	-75,044434
3937,500000	-75,094627
3949,218750	-75,594032
3960,937500	-74,983612
3972,656250	-74,495674
3984,375000	-75,534637
3996,093750	-75,832954
4007,812500	-75,825294
4019,531250	-76,539169
4031,250000	-76,284332
4042,968750	-76,077995
4054,687500	-76,862000
4066,406250	-76,324043
4078,125000	-76,242691
4089,843750	-76,138847
4101,562500	-75,786560
4113,281250	-76,125336
4125,000000	-76,567429
4136,718750	-76,618416
4148,437500	-76,873932
4160,156250	-76,587852
4171,875000	-76,299782
4183,593750	-76,610718
4195,312500	-76,807220
4207,031250	-76,736099
4218,750000	-76,682632
4230,468750	-76,836105
4242,187500	-77,605186
4253,906250	-78,306870
4265,625000	-77,149307
4277,343750	-76,815956
4289,062500	-78,036728
4300,781250	-78,455284
4312,500000	-77,728142
4324,218750	-77,298897
4335,937500	-77,167953
4347,656250	-77,571487
4359,375000	-78,141029
4371,093750	-78,793488
4382,812500	-78,608070
4394,531250	-78,685799
4406,250000	-78,947792
4417,968750	-79,006004
4429,687500	-79,082298
4441,406250	-79,303085
4453,125000	-79,497307
4464,843750	-78,751213
4476,562500	-78,780342
4488,281250	-79,242142
4500,000000	-78,820511
4511,718750	-78,836044
4523,437500	-79,494568
4535,156250	-79,525261
4546,875000	-79,454796
4558,593750	-79,192360
4570,312500	-79,622055
4582,031250	-80,081429
4593,750000	-79,917068
4605,468750	-79,999947
4617,187500	-80,609756
4628,906250	-80,166962
4640,625000	-80,070175
4652,343750	-79,838470
4664,062500	-80,255051
4675,781250	-80,871399
4687,500000	-80,812363
4699,218750	-81,121292
4710,937500	-81,223915
4722,656250	-81,192726
4734,375000	-81,150551
4746,093750	-81,479301
4757,812500	-81,332985
4769,531250	-81,224953
4781,250000	-80,750137
4792,968750	-80,714546
4804,687500	-80,836327
4816,406250	-81,030128
4828,125000	-80,897873
4839,843750	-81,291702
4851,562500	-81,586388
4863,281250	-81,584518
4875,000000	-81,936325
4886,718750	-82,037727
4898,437500	-82,369789
4910,156250	-82,331543
4921,875000	-82,240166
4933,593750	-82,752258
4945,312500	-83,070946
4957,031250	-82,440643
4968,750000	-82,422195
4980,468750	-83,179871
4992,187500	-82,857773
5003,906250	-82,648308
5015,625000	-81,967293
5027,343750	-82,696236
5039,062500	-82,919373
5050,781250	-82,629036
5062,500000	-82,984100
5074,218750	-83,040016
5085,937500	-82,815086
5097,656250	-82,508820
5109,375000	-82,479645
5121,093750	-83,243385
5132,812500	-83,570557
5144,531250	-83,819443
5156,250000	-83,396507
5167,968750	-83,339058
5179,687500	-83,180008
5191,406250	-82,525909
5203,125000	-81,744415
5214,843750	-81,564362
5226,562500	-81,858391
5238,281250	-82,026596
5250,000000	-83,097916
5261,718750	-84,086998
5273,437500	-83,966690
5285,156250	-83,500168
5296,875000	-83,100586
5308,593750	-83,846703
5320,312500	-84,350281
5332,031250	-84,478416
5343,750000	-84,356674
5355,468750	-83,765678
5367,187500	-83,505699
5378,906250	-83,538010
5390,625000	-83,656952
5402,343750	-83,501472
5414,062500	-83,341049
5425,781250	-83,812569
5437,500000	-84,283546
5449,218750	-84,280640
5460,937500	-83,759857
5472,656250	-84,004478
5484,375000	-83,919167
5496,093750	-83,744888
5507,812500	-83,629623
5519,531250	-83,764771
5531,250000	-83,664909
5542,968750	-83,768776
5554,687500	-83,319641
5566,406250	-82,942474
5578,125000	-83,286026
5589,843750	-82,853531
5601,562500	-82,359604
5613,281250	-81,898209
5625,000000	-81,975143
5636,718750	-83,117752
5648,437500	-83,286972
5660,156250	-83,393379
5671,875000	-83,969597
5683,593750	-83,620842
5695,312500	-83,825142
5707,031250	-84,149162
5718,750000	-84,058769
5730,468750	-84,212494
5742,187500	-83,748466
5753,906250	-83,766830
5765,625000	-83,735725
5777,343750	-84,625229
5789,062500	-85,265556
5800,781250	-85,048859
5812,500000	-85,088936
5824,218750	-85,268021
5835,937500	-85,104897
5847,656250	-85,088661
5859,375000	-84,914246
5871,093750	-85,551476
5882,812500	-85,563469
5894,531250	-85,061378
5906,250000	-84,985191
5917,968750	-85,118011
5929,687500	-85,141548
5941,406250	-84,815590
5953,125000	-85,359711
5964,843750	-85,405228
5976,562500	-85,518227
5988,281250	-85,210701
6000,000000	-84,859970
6011,718750	-85,433228
6023,437500	-85,871338
6035,156250	-85,415985
6046,875000	-85,056274
6058,593750	-85,034027
6070,312500	-85,562523
6082,031250	-85,450592
6093,750000	-85,408241
6105,468750	-85,298729
6117,187500	-85,653175
6128,906250	-85,721069
6140,625000	-85,852478
6152,343750	-85,786049
6164,062500	-85,506485
6175,781250	-85,879463
6187,500000	-85,595268
6199,218750	-85,691887
6210,937500	-85,898018
6222,656250	-85,921951
6234,375000	-85,561966
6246,093750	-85,525009
6257,812500	-85,804512
6269,531250	-85,937401
6281,250000	-85,937904
6292,968750	-86,013466
6304,687500	-86,155266
6316,406250	-85,813087
6328,125000	-85,185478
6339,843750	-85,654167
6351,562500	-85,674957
6363,281250	-85,295975
6375,000000	-85,470596
6386,718750	-85,542313
6398,437500	-85,815842
6410,156250	-85,832062
6421,875000	-85,790840
6433,593750	-86,232643
6445,312500	-85,810806
6457,031250	-86,075111
6468,750000	-86,046638
6480,468750	-85,929459
6492,187500	-85,822212
6503,906250	-85,851738
6515,625000	-86,160576
6527,343750	-86,364510
6539,062500	-85,953827
6550,781250	-85,824615
6562,500000	-86,082794
6574,218750	-86,013016
6585,937500	-86,346657
6597,656250	-86,294266
6609,375000	-86,041656
6621,093750	-85,673988
6632,812500	-85,486778
6644,531250	-85,165749
6656,250000	-85,066368
6667,968750	-85,662315
6679,687500	-86,191933
6691,406250	-86,071587
6703,125000	-85,889893
6714,843750	-86,254349
6726,562500	-86,478195
6738,281250	-86,529732
6750,000000	-86,603104
6761,718750	-86,247734
6773,437500	-86,070549
6785,156250	-86,210884
6796,875000	-85,484138
6808,593750	-85,772270
6820,312500	-85,762016
6832,031250	-86,244530
6843,750000	-86,785507
6855,468750	-86,715004
6867,187500	-86,876457
6878,906250	-88,374924
6890,625000	-89,113197
6902,343750	-88,966522
6914,062500	-88,715065
6925,781250	-87,828789
6937,500000	-87,838135
6949,218750	-87,666107
6960,937500	-87,612358
6972,656250	-87,973221
6984,375000	-87,759460
6996,093750	-88,049599
7007,812500	-88,524132
7019,531250	-88,616043
7031,250000	-88,685158
7042,968750	-88,206390
7054,687500	-88,337410
7066,406250	-88,506721
7078,125000	-88,369812
7089,843750	-88,753983
7101,562500	-88,750748
7113,281250	-88,592102
7125,000000	-88,943954
7136,718750	-88,982040
7148,437500	-88,559814
7160,156250	-88,337975
7171,875000	-88,737442
7183,593750	-88,819168
7195,312500	-89,163864
7207,031250	-89,363945
7218,750000	-88,690544
7230,468750	-88,105637
7242,187500	-88,290581
7253,906250	-88,151672
7265,625000	-88,435570
7277,343750	-88,736259
7289,062500	-89,359291
7300,781250	-89,265068
7312,500000	-89,062248
7324,218750	-89,460892
7335,937500	-89,542053
7347,656250	-89,683800
7359,375000	-89,437263
7371,093750	-89,407578
7382,812500	-89,619781
7394,531250	-89,591431
7406,250000	-89,218063
7417,968750	-89,323395
7429,687500	-89,627136
7441,406250	-89,261307
7453,125000	-89,277275
7464,843750	-89,376808
7476,562500	-89,139160
7488,281250	-89,362358
7500,000000	-89,409203
7511,718750	-89,172417
7523,437500	-89,054909
7535,156250	-89,654678
7546,875000	-89,412918
7558,593750	-89,882980
7570,312500	-90,098068
7582,031250	-90,324760
7593,750000	-90,468040
7605,468750	-90,688072
7617,187500	-90,673851
7628,906250	-89,808998
7640,625000	-89,567093
7652,343750	-89,619850
7664,062500	-89,388680
7675,781250	-89,505943
7687,500000	-89,437050
7699,218750	-89,804123
7710,937500	-89,511208
7722,656250	-89,502357
7734,375000	-90,100456
7746,093750	-90,127274
7757,812500	-90,113464
7769,531250	-90,622543
7781,250000	-90,866280
7792,968750	-90,916878
7804,687500	-90,743149
7816,406250	-90,762123
7828,125000	-90,414795
7839,843750	-90,473579
7851,562500	-90,878662
7863,281250	-90,834450
7875,000000	-91,069252
7886,718750	-91,726471
7898,437500	-91,237000
7910,156250	-90,761932
7921,875000	-90,380653
7933,593750	-90,806030
7945,312500	-90,948715
7957,031250	-91,417953
7968,750000	-91,568344
7980,468750	-91,390160
7992,187500	-91,654411
8003,906250	-91,213448
8015,625000	-91,302788
8027,343750	-91,916588
8039,062500	-91,665657
8050,781250	-91,356422
8062,500000	-91,560959
8074,218750	-91,822655
8085,937500	-92,101273
8097,656250	-91,888550
8109,375000	-91,301788
8121,093750	-91,225159
8132,812500	-91,191368
8144,531250	-91,115829
8156,250000	-91,039955
8167,968750	-91,492325
8179,687500	-91,679642
8191,406250	-91,571419
8203,125000	-91,405228
8214,843750	-90,905418
8226,562500	-90,859581
8238,281250	-91,007484
8250,000000	-90,998932
8261,718750	-91,006836
8273,437500	-91,735603
8285,156250	-92,217796
8296,875000	-92,086403
8308,593750	-91,799957
8320,312500	-91,530151
8332,031250	-91,677872
8343,750000	-91,301987
8355,468750	-91,069611
8367,187500	-91,012138
8378,906250	-90,861610
8390,625000	-91,007713
8402,343750	-91,465668
8414,062500	-91,323669
8425,781250	-91,292427
8437,500000	-91,465889
8449,218750	-91,080589
8460,937500	-91,126305
8472,656250	-91,136292
8484,375000	-91,235382
8496,093750	-90,964424
8507,812500	-90,943138
8519,531250	-90,739197
8531,250000	-90,500305
8542,968750	-90,441109
8554,687500	-90,909538
8566,406250	-91,246284
8578,125000	-91,604218
8589,843750	-91,819389
8601,562500	-91,676849
8613,281250	-91,714371
8625,000000	-91,462891
8636,718750	-91,735680
8648,437500	-91,068756
8660,156250	-91,293694
8671,875000	-91,871872
8683,593750	-91,934250
8695,312500	-91,720100
8707,031250	-91,269066
8718,750000	-90,960373
8730,468750	-91,033684
8742,187500	-91,452049
8753,906250	-91,623352
8765,625000	-91,742477
8777,343750	-91,634499
8789,062500	-92,282951
8800,781250	-92,513069
8812,500000	-92,380440
8824,218750	-91,907738
8835,937500	-91,427689
8847,656250	-92,021683
8859,375000	-92,245438
8871,093750	-91,883621
8882,812500	-92,121033
8894,531250	-92,150017
8906,250000	-91,518402
8917,968750	-91,358315
8929,687500	-91,527588
8941,406250	-91,538994
8953,125000	-91,283821
8964,843750	-90,896706
8976,562500	-91,563553
8988,281250	-92,052246
9000,000000	-91,083382
9011,718750	-91,435074
9023,437500	-92,158508
9035,156250	-92,771004
9046,875000	-92,422531
9058,593750	-92,452759
9070,312500	-93,007019
9082,031250	-92,966164
9093,750000	-92,778152
9105,468750	-92,527122
9117,187500	-92,540108
9128,906250	-92,629623
9140,625000	-92,728935
9152,343750	-92,988579
9164,062500	-92,953476
9175,781250	-92,604958
9187,500000	-92,553490
9199,218750	-92,603256
9210,937500	-93,030121
9222,656250	-92,928009
9234,375000	-92,933167
9246,093750	-92,725494
9257,812500	-92,379814
9269,531250	-92,837082
9281,250000	-93,089607
9292,968750	-93,061127
9304,687500	-92,830086
9316,406250	-92,639359
9328,125000	-92,816650
9339,843750	-92,499710
9351,562500	-92,368431
9363,281250	-92,480896
9375,000000	-92,274940
9386,718750	-92,340157
9398,437500	-92,730835
9410,156250	-93,151001
9421,875000	-93,454666
9433,593750	-93,089912
9445,312500	-92,698051
9457,031250	-92,622375
9468,750000	-92,824127
9480,468750	-93,338181
9492,187500	-93,773567
9503,906250	-93,701996
9515,625000	-94,279221
9527,343750	-94,298424
9539,062500	-94,151306
9550,781250	-94,139343
9562,500000	-93,757698
9574,218750	-93,335373
9585,937500	-94,139412
9597,656250	-94,447868
9609,375000	-94,122444
9621,093750	-94,032173
9632,812500	-93,900581
9644,531250	-93,724724
9656,250000	-93,427711
9667,968750	-93,947197
9679,687500	-93,415100
9691,406250	-93,878090
9703,125000	-94,166748
9714,843750	-93,985710
9726,562500	-93,219749
9738,281250	-93,690262
9750,000000	-94,391464
9761,718750	-94,823883
9773,437500	-94,543022
9785,156250	-94,216896
9796,875000	-94,273735
9808,593750	-94,253372
9820,312500	-94,465767
9832,031250	-94,576324
9843,750000	-94,158920
9855,468750	-94,443443
9867,187500	-94,365608
9878,906250	-93,983971
9890,625000	-94,256783
9902,343750	-94,426895
9914,062500	-94,235428
9925,781250	-93,687645
9937,500000	-93,766495
9949,218750	-93,962036
9960,937500	-93,858810
9972,656250	-94,532623
9984,375000	-94,928139
9996,093750	-94,515778
10007,812500	-94,998924
10019,531250	-94,697517
10031,250000	-94,750221
10042,968750	-94,479607
10054,687500	-94,586472
10066,406250	-94,992531
10078,125000	-95,306694
10089,843750	-95,628601
10101,562500	-94,955650
10113,281250	-95,005760
10125,000000	-94,815514
10136,718750	-94,975945
10148,437500	-94,749725
10160,156250	-94,316238
10171,875000	-94,729355
10183,593750	-95,038414
10195,312500	-95,306084
10207,031250	-95,064903
10218,750000	-95,295319
10230,468750	-95,258308
10242,187500	-95,139160
10253,906250	-95,327080
10265,625000	-95,060692
10277,343750	-95,319611
10289,062500	-94,896469
10300,781250	-94,899635
10312,500000	-95,478813
10324,218750	-95,492210
10335,937500	-95,207184
10347,656250	-95,436241
10359,375000	-95,998711
10371,093750	-96,146179
10382,812500	-95,963081
10394,531250	-95,941689
10406,250000	-96,159294
10417,968750	-95,917152
10429,687500	-95,630775
10441,406250	-95,809433
10453,125000	-96,012268
10464,843750	-96,199440
10476,562500	-95,845779
10488,281250	-95,907951
10500,000000	-96,321884
10511,718750	-96,110703
10523,437500	-95,365211
10535,156250	-95,455360
10546,875000	-95,555374
10558,593750	-96,077934
10570,312500	-95,651749
10582,031250	-96,019730
10593,750000	-96,334618
10605,468750	-96,062569
10617,187500	-96,287735
10628,906250	-96,494072
10640,625000	-96,711662
10652,343750	-96,698242
10664,062500	-96,632484
10675,781250	-96,485893
10687,500000	-96,206757
10699,218750	-96,596848
10710,937500	-96,668434
10722,656250	-96,927589
10734,375000	-96,657997
10746,093750	-96,712593
10757,812500	-96,897285
10769,531250	-96,739067
10781,250000	-96,790398
10792,968750	-96,711060
10804,687500	-96,643257
10816,406250	-96,835846
10828,125000	-97,128639
10839,843750	-97,858871
10851,562500	-98,314934
10863,281250	-99,211655
10875,000000	-101,657883
10886,718750	-104,711708
10898,437500	-106,786491
10910,156250	-107,039948
10921,875000	-107,311356
10933,593750	-107,707344
10945,312500	-107,874977
10957,031250	-108,118393
10968,750000	-108,159721
10980,468750	-108,276718
10992,187500	-108,317642
11003,906250	-108,274216
11015,625000	-108,339981
11027,343750	-108,311661
11039,062500	-108,330788
11050,781250	-108,330315
11062,500000	-108,328957
11074,218750	-108,333710
11085,937500	-108,337791
11097,656250	-108,332771
11109,375000	-108,339867
11121,093750	-108,341965
11132,812500	-108,337242
11144,531250	-108,344269
11156,250000	-108,344337
11167,968750	-108,347412
11179,687500	-108,345963
11191,406250	-108,348564
11203,125000	-108,349724
11214,843750	-108,350075
11226,562500	-108,353859
11238,281250	-108,353622
11250,000000	-108,355530
11261,718750	-108,356865
11273,437500	-108,357597
11285,156250	-108,359421
11296,875000	-108,361855
11308,593750	-108,356232
11320,312500	-108,366165
11332,031250	-108,363724
11343,750000	-108,365967
11355,468750	-108,362350
11367,187500	-108,378204
11378,906250	-108,361412
11390,625000	-108,369644
11402,343750	-108,371063
11414,062500	-108,390915
11425,781250	-108,289261
11437,500000	-108,429527
11449,218750	-108,372215
11460,937500	-108,374054
11472,656250	-108,377800
11484,375000	-108,378311
11496,093750	-108,381317
11507,812500	-108,377419
11519,531250	-108,380127
11531,250000	-108,379372
11542,968750	-108,384674
11554,687500	-108,381302
11566,406250	-108,386421
11578,125000	-108,382957
11589,843750	-108,386703
11601,562500	-108,384583
11613,281250	-108,385010
11625,000000	-108,388100
11636,718750	-108,386391
11648,437500	-108,388130
11660,156250	-108,389435
11671,875000	-108,388977
11683,593750	-108,390518
11695,312500	-108,390129
11707,031250	-108,394508
11718,750000	-108,388969
11730,468750	-108,393608
11742,187500	-108,373070
11753,906250	-108,412697
11765,625000	-108,393845
11777,343750	-108,393600
11789,062500	-108,395485
11800,781250	-108,388763
11812,500000	-108,465401
11824,218750	-108,290810
11835,937500	-108,418465
11847,656250	-108,396378
11859,375000	-108,395538
11871,093750	-108,394730
11882,812500	-108,397606
11894,531250	-108,395073
11906,250000	-108,396591
11917,968750	-108,397095
11929,687500	-108,393799
11941,406250	-108,398827
11953,125000	-108,396088
11964,843750	-108,396790
11976,562500	-108,397331
11988,281250	-108,396339
