Fréquence (Hz)	Niveau (dB)
43,066406	-40,237144
86,132812	-42,570248
129,199219	-42,518219
172,265625	-40,747803
215,332031	-38,271400
258,398438	-38,747585
301,464844	-39,853748
344,531250	-40,157867
387,597656	-40,098980
430,664062	-38,872482
473,730469	-39,743580
516,796875	-40,801273
559,863281	-41,535892
602,929688	-39,584045
645,996094	-36,684990
689,062500	-35,765247
732,128906	-40,393673
775,195312	-41,133026
818,261719	-39,069637
861,328125	-38,584164
904,394531	-40,084126
947,460938	-40,267063
990,527344	-40,403526
1033,593750	-40,459530
1076,660156	-38,872406
1119,726562	-38,673611
1162,792969	-40,549644
1205,859375	-40,289955
1248,925781	-39,185169
1291,992188	-38,587666
1335,058594	-40,606281
1378,125000	-40,776001
1421,191406	-40,247345
1464,257812	-40,053719
1507,324219	-41,059910
1550,390625	-40,743820
1593,457031	-40,391865
1636,523438	-40,579620
1679,589844	-41,904659
1722,656250	-41,848930
1765,722656	-40,903759
1808,789062	-41,406849
1851,855469	-42,242886
1894,921875	-41,504539
1937,988281	-40,299767
1981,054688	-39,674278
2024,121094	-38,530373
2067,187500	-38,995842
2110,253906	-39,654633
2153,320312	-40,756138
2196,386719	-42,055466
2239,453125	-41,944817
2282,519531	-41,163383
2325,585938	-41,262859
2368,652344	-42,188480
2411,718750	-43,262306
2454,785156	-42,611607
2497,851562	-37,495045
2540,917969	-35,748486
2583,984375	-41,403660
2627,050781	-43,184650
2670,117188	-43,515461
2713,183594	-43,720303
2756,250000	-43,907368
2799,316406	-42,854252
2842,382812	-41,337505
2885,449219	-41,564659
2928,515625	-42,791195
2971,582031	-42,081059
3014,648438	-42,811081
3057,714844	-44,298100
3100,781250	-45,821678
3143,847656	-46,438072
3186,914062	-46,451385
3229,980469	-46,054794
3273,046875	-46,936985
3316,113281	-46,597782
3359,179688	-39,471844
3402,246094	-40,623676
3445,312500	-45,996246
3488,378906	-47,912262
3531,445312	-48,034748
3574,511719	-47,735867
3617,578125	-48,396770
3660,644531	-48,248642
3703,710938	-48,682529
3746,777344	-49,056164
3789,843750	-49,937687
3832,910156	-51,820908
3875,976562	-50,256752
3919,042969	-49,509350
3962,109375	-50,181992
4005,175781	-50,050644
4048,242188	-47,842155
4091,308594	-50,083370
4134,375000	-51,337784
4177,441406	-48,201263
4220,507812	-45,833370
4263,574219	-50,209614
4306,640625	-52,133369
4349,707031	-49,617741
4392,773438	-50,504471
4435,839844	-51,172474
4478,906250	-50,469646
4521,972656	-51,696560
4565,039062	-52,375389
4608,105469	-53,192032
4651,171875	-54,118927
4694,238281	-55,249561
4737,304688	-54,997913
4780,371094	-54,656151
4823,437500	-54,695816
4866,503906	-56,322895
4909,570312	-55,895828
4952,636719	-55,141171
4995,703125	-56,246101
5038,769531	-57,006435
5081,835938	-57,050957
5124,902344	-57,265320
5167,968750	-55,559582
5211,035156	-55,996284
5254,101562	-57,685200
5297,167969	-57,051937
5340,234375	-57,036434
5383,300781	-59,825069
5426,367188	-62,157166
5469,433594	-65,196983
5512,500000	-68,679611
5555,566406	-66,862625
5598,632812	-65,243820
5641,699219	-64,182487
5684,765625	-62,500885
5727,832031	-62,964886
5770,898438	-65,294319
5813,964844	-65,268990
5857,031250	-65,188072
5900,097656	-67,895416
5943,164062	-69,876740
5986,230469	-71,515045
6029,296875	-72,572121
6072,363281	-72,965065
6115,429688	-74,079605
6158,496094	-76,819588
6201,562500	-78,849510
6244,628906	-81,082481
6287,695312	-84,026215
6330,761719	-84,935799
6373,828125	-86,075371
6416,894531	-87,823669
6459,960938	-89,735092
6503,027344	-90,282928
6546,093750	-89,957634
6589,160156	-90,686409
6632,226562	-90,846107
6675,292969	-90,954483
6718,359375	-91,391090
6761,425781	-91,393906
6804,492188	-91,365196
6847,558594	-91,609505
6890,625000	-91,747429
6933,691406	-91,521118
6976,757812	-91,005417
7019,824219	-91,122482
7062,890625	-91,583488
7105,957031	-91,742455
7149,023438	-92,595985
7192,089844	-92,752670
7235,156250	-92,210808
7278,222656	-91,863052
7321,289062	-91,629105
7364,355469	-92,047272
7407,421875	-92,395599
7450,488281	-92,440559
7493,554688	-92,218559
7536,621094	-92,556053
7579,687500	-93,331406
7622,753906	-93,483727
7665,820312	-93,322182
7708,886719	-92,562363
7751,953125	-92,362053
7795,019531	-92,272545
7838,085938	-92,460686
7881,152344	-92,483559
7924,218750	-92,232155
7967,285156	-92,356857
8010,351562	-92,570549
8053,417969	-92,990150
8096,484375	-93,519058
8139,550781	-93,360962
8182,617188	-93,385918
8225,683594	-93,567780
8268,750000	-94,108627
8311,816406	-94,125374
8354,882812	-93,224777
8397,949219	-92,828896
8441,015625	-92,977356
8484,082031	-93,272095
8527,148438	-93,688667
8570,214844	-93,647217
8613,281250	-92,973114
8656,347656	-92,980942
8699,414062	-93,467697
8742,480469	-93,640366
8785,546875	-94,012970
8828,613281	-93,730957
8871,679688	-93,454193
8914,746094	-93,625587
8957,812500	-93,790062
9000,878906	-94,285400
9043,945312	-94,702316
9087,011719	-93,777931
9130,078125	-93,889061
9173,144531	-94,844337
9216,210938	-95,142174
9259,277344	-94,749893
9302,343750	-94,500267
9345,410156	-93,949013
9388,476562	-93,735443
9431,542969	-93,476768
9474,609375	-93,682327
9517,675781	-94,916016
9560,742188	-95,182388
9603,808594	-95,642288
9646,875000	-95,773079
9689,941406	-95,742180
9733,007812	-95,412636
9776,074219	-94,499748
9819,140625	-94,274704
9862,207031	-93,639030
9905,273438	-94,222137
9948,339844	-94,919395
9991,406250	-95,643143
10034,472656	-96,077820
10077,539062	-96,144180
10120,605469	-96,180420
10163,671875	-96,009026
10206,738281	-95,592552
10249,804688	-95,430565
10292,871094	-95,122910
10335,937500	-95,030922
10379,003906	-95,305321
10422,070312	-96,316116
10465,136719	-96,451805
10508,203125	-96,498810
10551,269531	-96,529373
10594,335938	-96,564407
10637,402344	-96,594582
10680,468750	-96,359879
10723,535156	-94,878632
10766,601562	-94,098320
10809,667969	-94,284111
10852,734375	-96,011887
10895,800781	-96,475235
10938,867188	-96,199898
10981,933594	-96,006638
11025,000000	-95,650558
11068,066406	-95,591736
11111,132812	-96,085793
11154,199219	-96,053131
11197,265625	-95,189598
11240,332031	-94,911903
11283,398438	-95,193161
11326,464844	-96,675163
11369,531250	-97,118820
11412,597656	-97,147736
11455,664062	-97,181648
11498,730469	-97,208405
11541,796875	-96,947784
11584,863281	-96,594971
11627,929688	-96,139381
11670,996094	-95,991501
11714,062500	-95,429214
11757,128906	-96,254257
11800,195312	-97,223007
11843,261719	-97,421753
11886,328125	-97,454750
11929,394531	-97,480240
11972,460938	-97,510017
12015,527344	-97,475105
12058,593750	-97,093651
12101,660156	-96,063782
12144,726562	-95,118340
12187,792969	-94,798485
12230,859375	-94,867645
12273,925781	-95,973419
12316,992188	-97,005867
12360,058594	-97,599937
12403,125000	-97,757439
12446,191406	-97,774445
12489,257812	-97,801125
12532,324219	-97,821205
12575,390625	-97,806564
12618,457031	-96,716301
12661,523438	-95,152191
12704,589844	-95,859932
12747,656250	-97,543068
12790,722656	-97,959366
12833,789062	-97,993538
12876,855469	-98,016617
12919,921875	-98,035660
12962,988281	-98,059326
13006,054688	-98,087807
13049,121094	-98,085732
13092,187500	-98,123993
13135,253906	-98,149071
13178,320312	-98,172234
13221,386719	-98,189232
13264,453125	-98,217361
13307,519531	-98,231529
13350,585938	-98,256508
13393,652344	-98,279373
13436,718750	-98,299011
13479,785156	-98,319305
13522,851562	-98,338219
13565,917969	-98,358536
13608,984375	-98,378708
13652,050781	-98,405182
13695,117188	-98,416214
13738,183594	-98,442513
13781,250000	-98,456177
13824,316406	-98,479614
13867,382812	-98,500107
13910,449219	-98,516434
13953,515625	-98,538963
13996,582031	-98,554955
14039,648438	-98,574631
14082,714844	-98,591072
14125,781250	-98,611473
14168,847656	-98,631844
14211,914062	-98,650185
14254,980469	-98,665520
14298,046875	-98,684395
14341,113281	-98,704895
14384,179688	-98,716316
14427,246094	-98,744781
14470,312500	-98,746468
14513,378906	-98,774910
14556,445312	-98,791412
14599,511719	-98,809647
14642,578125	-98,824280
14685,644531	-98,839531
14728,710938	-98,858803
14771,777344	-98,874657
14814,843750	-98,890640
14857,910156	-98,911011
14900,976562	-98,917580
14944,042969	-98,946274
14987,109375	-98,951744
15030,175781	-98,973442
15073,242188	-98,987770
15116,308594	-99,001251
15159,375000	-99,021507
15202,441406	-99,032608
15245,507812	-99,048248
15288,574219	-99,070992
15331,640625	-99,080132
15374,707031	-99,087837
15417,773438	-99,114693
15460,839844	-99,123154
15503,906250	-99,142212
15546,972656	-99,151352
15590,039062	-99,166229
15633,105469	-99,185043
15676,171875	-99,195389
15719,238281	-99,210304
15762,304688	-99,225853
15805,371094	-99,238800
15848,437500	-99,252350
15891,503906	-99,263573
15934,570312	-99,278824
15977,636719	-99,293617
16020,703125	-99,304337
16063,769531	-99,320633
16106,835938	-99,328773
16149,902344	-99,342529
16192,968750	-99,361046
16236,035156	-99,367241
16279,101562	-99,390907
16322,167969	-99,386230
16365,234375	-99,409363
16408,300781	-99,420128
16451,367188	-99,434120
16494,433594	-99,440186
16537,500000	-99,460342
16580,566406	-99,463928
16623,632812	-99,482658
16666,699219	-99,488327
16709,765625	-99,505760
16752,832031	-99,512207
16795,898438	-99,525803
16838,964844	-99,538506
16882,031250	-99,547768
16925,097656	-99,557983
16968,164062	-99,570534
17011,230469	-99,579842
17054,296875	-99,593124
17097,363281	-99,600365
17140,429688	-99,613831
17183,496094	-99,621063
17226,562500	-99,634239
17269,628906	-99,640800
17312,695312	-99,657822
17355,761719	-99,659279
17398,828125	-99,673698
17441,894531	-99,683144
17484,960938	-99,692856
17528,027344	-99,703262
17571,093750	-99,711990
17614,160156	-99,721565
17657,226562	-99,727951
17700,292969	-99,744232
17743,359375	-99,749146
17786,425781	-99,757500
17829,492188	-99,767639
17872,558594	-99,774132
17915,625000	-99,782906
17958,691406	-99,793251
18001,757812	-99,801056
18044,824219	-99,811943
18087,890625	-99,813881
18130,957031	-99,837631
18174,023438	-99,826180
18217,089844	-99,842659
18260,156250	-99,850143
18303,222656	-99,860306
18346,289062	-99,863968
18389,355469	-99,874146
18432,421875	-99,880890
18475,488281	-99,892532
18518,554688	-99,887009
18561,621094	-99,904289
18604,687500	-99,914413
18647,753906	-99,917358
18690,820312	-99,926399
18733,886719	-99,931328
18776,953125	-99,938835
18820,019531	-99,945114
18863,085938	-99,952011
18906,152344	-99,959114
18949,218750	-99,964874
18992,285156	-99,971863
19035,351562	-99,980125
19078,417969	-99,979980
19121,484375	-99,990051
19164,550781	-99,996109
19207,617188	-100,001648
19250,683594	-100,004890
19293,750000	-100,014160
19336,816406	-100,015701
19379,882812	-100,028061
19422,949219	-100,030235
19466,015625	-100,032104
19509,082031	-100,045113
19552,148438	-100,042877
19595,214844	-100,052948
19638,281250	-100,055786
19681,347656	-100,060516
19724,414062	-100,066177
19767,480469	-100,068779
19810,546875	-100,075356
19853,613281	-100,076294
19896,679688	-100,087250
19939,746094	-100,085732
19982,812500	-100,095413
20025,878906	-100,090965
20068,945312	-100,103455
20112,011719	-100,104462
20155,078125	-100,106895
20198,144531	-100,114342
20241,210938	-100,113930
20284,277344	-100,121086
20327,343750	-100,123184
20370,410156	-100,127274
20413,476562	-100,127647
20456,542969	-100,133621
20499,609375	-100,137665
20542,675781	-100,136292
20585,742188	-100,143211
20628,808594	-100,144241
20671,875000	-100,150124
20714,941406	-100,150345
20758,007812	-100,154526
20801,074219	-100,153618
20844,140625	-100,162140
20887,207031	-100,152779
20930,273438	-100,171783
20973,339844	-100,161537
21016,406250	-100,171486
21059,472656	-100,169174
21102,539062	-100,169167
21145,605469	-100,176140
21188,671875	-100,175713
21231,738281	-100,176811
21274,804688	-100,178894
21317,871094	-100,182251
21360,937500	-100,182381
21404,003906	-100,177658
21447,070312	-100,186447
21490,136719	-100,188026
21533,203125	-100,183418
21576,269531	-100,187553
21619,335938	-100,190941
21662,402344	-100,190613
21705,468750	-100,191132
21748,535156	-100,186607
21791,601562	-100,202370
21834,667969	-100,179405
21877,734375	-100,197212
21920,800781	-100,194122
21963,867188	-100,185829
22006,933594	-100,194183
